3.647854200601577723e+00
1.245144006758928334e+00
1.093088620305061376e+00
9.881674534827470380e-01
9.239284878969192816e-01
8.759821458905935332e-01
8.531108139455318984e-01
7.945787928998470084e-01
7.783965510129928767e-01
6.923663394153117823e-01
6.189900039136410070e-01
6.041925660148262933e-01
5.843021839857100996e-01
5.482323821634054184e-01
5.296630790084599916e-01
5.149520352482795937e-01
4.937350527197122418e-01
4.909059280529618485e-01
4.987183435261249298e-01
4.951567303389310948e-01
4.463506827503442853e-01
4.844720670208335078e-01
4.654165031760931215e-01
4.245997517555952228e-01
4.213016718253493331e-01
3.898644129186868423e-01
3.955004235729575046e-01
3.817850832641124792e-01
3.870758183673024266e-01
3.952129425108432681e-01
3.734459665045142263e-01
3.840659564360976441e-01
3.548900791630149043e-01
3.531118056178093045e-01
3.536695895344019180e-01
3.335444804653525108e-01
2.963595585525035658e-01
2.986399621516466207e-01
2.996100435405969487e-01
2.990848479792475589e-01
