0.0
3.341037893099233713e+01
3.313368152016890633e+01
3.278697633070341055e+01
3.259362151350149617e+01
3.254028225358373305e+01
3.264696077341927349e+01
3.306700744527169888e+01
3.340704522724747250e+01
3.387376375152794594e+01
3.423047005222802852e+01
3.538393154794977136e+01
3.563062562506944886e+01
3.560728969885543194e+01
3.430714523835981566e+01
3.280364484942771952e+01
3.186020668963217872e+01
3.103678186465162980e+01
3.026669629958884400e+01
2.971663518168685414e+01
2.899655517279698103e+01
2.714301589065452092e+01
2.770641182353594800e+01
2.985998444271585939e+01
3.110678964329370544e+01
3.141682409156573286e+01
3.200688965440605216e+01
3.240026669629958889e+01
3.263362595843982916e+01
3.311367929769974694e+01
3.381042338037559603e+01
3.500055561729081433e+01
3.643404822758084549e+01
3.782086898544282860e+01
3.883764862762529901e+01
3.870430047783086991e+01
3.902766974108234166e+01
4.035781753528170412e+01
4.193132570285587946e+01
4.341482386931881621e+01
4.640515612845871374e+01
4.713857095232803829e+01
4.754861651294588398e+01
4.843538170907878282e+01
4.947216357373041973e+01
5.028892099122125359e+01
5.126569618846538390e+01
5.125902878097566884e+01
4.789865540615624440e+01
4.641515723969329343e+01
4.490832314701633976e+01
4.291143460384487440e+01
4.352150238915435665e+01
4.461162351372374957e+01
4.585509501055673809e+01
4.725525058339815843e+01
4.998222024669408370e+01
5.330258917657517514e+01
5.528280920102234575e+01
5.577286365151684322e+01
5.601289032114679856e+01
5.613957106345149839e+01
5.637959773308145373e+01
5.660962329147682937e+01
5.684298255361706964e+01
5.711967996444050044e+01
5.714301589065451736e+01
5.740304478275364630e+01
5.771641293477053125e+01
5.800644516057340638e+01
5.830981220135571164e+01
5.861317924213801689e+01
5.863984887209690555e+01
5.851983553728192078e+01
5.847316368485387983e+01
5.850650072230247645e+01
5.853983775975108728e+01
5.853983775975108728e+01
5.831314590510056917e+01
5.820313368152017119e+01
5.815646182909211603e+01
5.805978442049116950e+01
5.770307811979108692e+01
5.760640071119014038e+01
5.766974108234249030e+01
5.765640626736304597e+01
5.761640182242472008e+01
5.753639293254806120e+01
5.685298366485164934e+01
5.538282031336815692e+01
5.345260584509389901e+01
5.229247694188244111e+01
5.281586842982554231e+01
5.419602178019779615e+01
5.041560173352594632e+01
4.936548505389487929e+01
4.903878208689854290e+01
4.896877430825647082e+01
5.172908100900099981e+01
5.500277808645405742e+01
5.632292476941881887e+01
5.721969107678631161e+01
5.713634848316479520e+01
5.625958439826646895e+01
5.351261251250139139e+01
5.299922213579286279e+01
5.335259473274808073e+01
5.413934881653517550e+01
5.616957439715525169e+01
5.731970218913212989e+01
5.812645849538838405e+01
5.848316479608845952e+01
5.840648960995665817e+01
5.854650516724080944e+01
5.877653072563618508e+01
5.904322702522502908e+01
5.916657406378486428e+01
5.917657517501945108e+01
5.912990332259140303e+01
5.940660073341482672e+01
5.928658739859984905e+01
5.938326480720080269e+01
5.934659406600734144e+01
5.951661295699522469e+01
5.948994332703633603e+01
5.932659184353818205e+01
5.939993332592511166e+01
5.932659184353818205e+01
5.990665629514390389e+01
6.000000000000000000e+01
5.942993665962885785e+01
5.960662295810646327e+01
5.962995888432048730e+01
5.934326036226247680e+01
5.919657739748861047e+01
5.891987998666518678e+01
5.863984887209690555e+01
5.850650072230247645e+01
5.840648960995665817e+01
5.831647960884543380e+01
5.808645405045005816e+01
5.807311923547060672e+01
5.799977775308367711e+01
5.803311479053228794e+01
5.795977330814535833e+01
5.764307145238360164e+01
5.765973997110790350e+01
5.755306145127236306e+01
5.750972330258917964e+01
5.783309256584065139e+01
5.802978108678742331e+01
5.775975108345372178e+01
5.726636292921435967e+01
5.544282698077564930e+01
5.257917546394044450e+01
4.716524058228691985e+01
4.314479386598510757e+01
4.067451939104345371e+01
4.112456939659962529e+01
4.290476719635515224e+01
4.439826647405267579e+01
4.678853205911767787e+01
4.831203467051894052e+01
4.974552728080897879e+01
5.119902211356817645e+01
5.187909767751973078e+01
5.165907323035893484e+01
5.102566951883542856e+01
4.971885765085009012e+01
4.698188687631959937e+01
4.220135570618958099e+01
4.016779642182464727e+01
3.955772863651517213e+01
3.746749638848761066e+01
3.509056561840204580e+01
3.380708967663073850e+01
3.269363262584731444e+01
3.228025336148461122e+01
3.176352928103122863e+01
3.097344149349927989e+01
3.024669407711968461e+01
3.024669407711968461e+01
2.974330481164573925e+01
2.987665296144016480e+01
3.029669963329258664e+01
3.135348372041338294e+01
3.367707523058118113e+01
3.718746527391932943e+01
4.103455939548838671e+01
4.404489387709745785e+01
4.600177797533059731e+01
4.688187576397378109e+01
4.750527836426270056e+01
4.773530392265806910e+01
4.748194243804867654e+01
4.710190021113456993e+01
4.670852316924103320e+01
4.651183464829426129e+01
4.639515501722413404e+01
4.606178464273808260e+01
4.617513057006333810e+01
4.649183242582510189e+01
4.711523502611401426e+01
4.733525947327481731e+01
4.749861095677297129e+01
4.722191354594955470e+01
4.638182020224469682e+01
4.547838648738748901e+01
4.387154128236470996e+01
4.023780420046672646e+01
3.816757417490832438e+01
3.646738526502944922e+01
3.651405711745749727e+01
3.753417046338482521e+01
3.940437826425158363e+01
4.147794199355484324e+01
4.232136904100455865e+01
4.238804311590177321e+01
4.164796088454272649e+01
4.150461162351372479e+01
4.203133681520169063e+01
4.190132236915212616e+01
4.078786531836870921e+01
3.952439159906656130e+01
3.970441160128903846e+01
4.053450383375930954e+01
4.104122680297810888e+01
4.234470496721858268e+01
4.454161573508168459e+01
4.745193910434493034e+01
4.805867318590954795e+01
4.859873319257695812e+01
4.906211801311256693e+01
4.941549061006778487e+01
4.956550727858651584e+01
4.960551172352484173e+01
4.983553728192022447e+01
5.008889876652961703e+01
5.037226358484276290e+01
5.059228803200355884e+01
5.080564507167463972e+01
5.086898544282698253e+01
5.087231914657184007e+01
5.078564284920547323e+01
5.079564396044005292e+01
5.087898655406156934e+01
5.076564062673631383e+01
5.072230247805312331e+01
5.066896321813535309e+01
5.063895988443161400e+01
5.077564173797088642e+01
5.100566729636626917e+01
5.119235470607846139e+01
5.137904211579064651e+01
5.154572730303367933e+01
5.173574841649072198e+01
5.187243027003000151e+01
5.196244027114124719e+01
5.210578953217024889e+01
5.218579842204689356e+01
5.220580064451606006e+01
5.222913657073008409e+01
5.230247805311701370e+01
5.227247471941327461e+01
5.233914879431048206e+01
5.219579953328147326e+01
5.204578286476275650e+01
5.239248805422825228e+01
5.222580286698522656e+01
5.214912768085343231e+01
5.217913101455717850e+01
5.227247471941327461e+01
5.233248138682075989e+01
5.240248916546283198e+01
5.244249361040115787e+01
5.241582398044227631e+01
5.236915212801422825e+01
5.237248583175908578e+01
5.240582286920768951e+01
5.252583620402267428e+01
5.246916324036003942e+01
5.240915657295255414e+01
5.260917879764418359e+01
5.266918546505167598e+01
5.277253028114235178e+01
5.276586287365263672e+01
5.280586731859096261e+01
5.297255250583398833e+01
5.304589398822091795e+01
5.320591176797422150e+01
5.320591176797422150e+01
5.327258584287143606e+01
5.349261029003223200e+01
5.360595621735749461e+01
5.356928547616402625e+01
5.344927214134904148e+01
5.337259695521724723e+01
5.328925436159573081e+01
5.314257139682187159e+01
5.298255361706856803e+01
5.290587843093677378e+01
5.283920435603955923e+01
5.269918879875542927e+01
5.256250694521612843e+01
5.253917101900211861e+01
5.247249694410490406e+01
5.240915657295255414e+01
5.237248583175908578e+01
5.225913990443382318e+01
5.159906656295144245e+01
5.026558506500722956e+01
4.793199244360484812e+01
4.458495388376486801e+01
4.158462051339037657e+01
3.890432270252249936e+01
3.609067674186021435e+01
3.333703744860540041e+01
3.330703411490166133e+01
3.353372596955217944e+01
3.422713634848316389e+01
3.724080453383709255e+01
3.851427936437382016e+01
3.819757750861207057e+01
3.846760751194577921e+01
4.067785309478830413e+01
4.328814312701411637e+01
4.603511501277920104e+01
4.893543727080786709e+01
5.152239137681965531e+01
5.285253917101899646e+01
5.345927325258362828e+01
5.387265251694633150e+01
5.403933770418935723e+01
5.418268696521835892e+01
5.437270807867540867e+01
5.448605400600066417e+01
5.483942660295588922e+01
5.493610401155683576e+01
5.497944216024002628e+01
5.509278808756528889e+01
5.508612068007556672e+01
5.501277919768864422e+01
5.513279253250361478e+01
5.491276808534281884e+01
5.496944104900544659e+01
5.478942104678297653e+01
5.433937104122680495e+01
5.390932325813979986e+01
5.335926214023781000e+01
5.350594510501167633e+01
5.364596066229580629e+01
5.360928992110235214e+01
5.302922546949661609e+01
5.301922435826202928e+01
5.323591510167796770e+01
5.334592732525836567e+01
5.327258584287143606e+01
5.320591176797422150e+01
5.317257473052561778e+01
5.319591065673964181e+01
5.320591176797422150e+01
5.325925102789199173e+01
5.334926102900322320e+01
5.313923769307700695e+01
5.291921324591621811e+01
5.099899988887653990e+01
4.738859873319258043e+01
4.176464051561284663e+01
3.768752083564840660e+01
3.645405045005000488e+01
3.259028780975663864e+01
3.084676075119458005e+01
2.939659962218024347e+01
2.755306145127236661e+01
2.802978108678742331e+01
2.900655628403156072e+01
2.972330258917657630e+01
3.019335481720191083e+01
3.069341037893099511e+01
3.126014001555728328e+01
3.183687076341816180e+01
3.233359262140238144e+01
3.271696855206133847e+01
3.327036337370819297e+01
3.370374486054005558e+01
3.410378930992332869e+01
3.483720413379264613e+01
3.571396821869096527e+01
3.711745749527725735e+01
3.860095566174019410e+01
4.442160240026669982e+01
4.749861095677297129e+01
4.988887654183798759e+01
5.205578397599733620e+01
5.370596732970329867e+01
5.435603955995111392e+01
5.465940660073341917e+01
5.463940437826425978e+01
5.456272919213245842e+01
5.443938215357262322e+01
5.433937104122680495e+01
5.408600955661741239e+01
5.302922546949661609e+01
5.093899322146905462e+01
4.746527391932437467e+01
4.324813868207578338e+01
3.987776419602177924e+01
3.606400711190132569e+01
3.328703189243249483e+01
3.155683964884986992e+01
3.000000000000000000e+01
2.900988998777642180e+01
2.809645516168463075e+01
2.730970107789754664e+01
2.673963773752639028e+01
2.603955995110568011e+01
2.617957550838982073e+01
2.614957217468607453e+01
2.593954883875986539e+01
2.601622402489165609e+01
2.611290143349261328e+01
2.698966551839093242e+01
2.762973663740415731e+01
2.756306256250694986e+01
2.763640404489387947e+01
2.830314479386598592e+01
2.874986109567729642e+01
3.003667074119346125e+01
3.143015890654517008e+01
3.307367485276142105e+01
3.331036781864651886e+01
3.369707745305034052e+01
3.423713745971775069e+01
3.447716412934770602e+01
3.444382709189910230e+01
3.441049005445049147e+01
3.435381709078786372e+01
3.469052116901878691e+01
3.490054450494498894e+01
3.486054006000666305e+01
3.546060673408156561e+01
3.545060562284698591e+01
3.514723858206467355e+01
3.518390932325814902e+01
3.520391154572730130e+01
3.503389265473941805e+01
3.401711301255695474e+01
3.351705745082787757e+01
3.295366151794643628e+01
3.081342371374597278e+01
3.043004778308701219e+01
3.043004778308701219e+01
3.095343927103011339e+01
3.140348927658629208e+01
3.277364151572397333e+01
3.372708078675408672e+01
3.437048560951216558e+01
3.421713523724859130e+01
3.367040782309145897e+01
3.337704189354372630e+01
3.364707189687743494e+01
3.457717524169352430e+01
3.570396710745638558e+01
3.651739082120236191e+01
3.653072563618179913e+01
3.608734303811534971e+01
3.502722524724968878e+01
3.391376819646627183e+01
3.239693299255473136e+01
3.246360706745193880e+01
3.281031225691744169e+01
3.321702411379042275e+01
3.413379264362707488e+01
3.498722080231136999e+01
3.576064007111901333e+01
3.646738526502944922e+01
3.684409378819868408e+01
3.625069452161351080e+01
3.595066118457607018e+01
3.698077564173797782e+01
3.855761751305700358e+01
3.973441493499277755e+01
4.031781309034337113e+01
4.102122458050894949e+01
4.184464940548949841e+01
4.270141126791865815e+01
4.357150794532725513e+01
4.426825202800311132e+01
4.483498166462941015e+01
4.529503278142016143e+01
4.556506278475387006e+01
4.685853983775975706e+01
4.943215912879208673e+01
5.089565507278586409e+01
5.231914657184131556e+01
5.395932881431271255e+01
5.580620068896544694e+01
5.632959217690854814e+01
5.681297921991331634e+01
5.726302922546950924e+01
5.754306034003779047e+01
5.768974330481165680e+01
5.786642960328926222e+01
5.824313812645850419e+01
5.833981553505945072e+01
5.833981553505945072e+01
5.850316701855761892e+01
5.853317035226137222e+01
5.852983664851650047e+01
5.850650072230247645e+01
5.850650072230247645e+01
5.850650072230247645e+01
5.853983775975108728e+01
5.847316368485387983e+01
5.860651183464830183e+01
5.866651850205578711e+01
5.868318702078008897e+01
5.877653072563618508e+01
5.883987109678853500e+01
5.889987776419602739e+01
5.895988443160351977e+01
5.897321924658296410e+01
5.893988220913435327e+01
5.897321924658296410e+01
5.883653739304367747e+01
5.888320924547171842e+01
5.886987443049228119e+01
5.887654183798200336e+01
5.887320813423713872e+01
5.870652294699411300e+01
5.858984331592399286e+01
5.853650405600622975e+01
5.845316146238471333e+01
5.849983331481276139e+01
5.889987776419602739e+01
5.908656517390821961e+01
5.930658962106901555e+01
5.930658962106901555e+01
5.920991221246806191e+01
5.907656406267363991e+01
5.888654294921657595e+01
5.869318813201466867e+01
5.840982331370152991e+01
5.818646516279586933e+01
5.795310590065562906e+01
5.774974997221913497e+01
5.763640404489387947e+01
5.747305256139571128e+01
5.731303478164240062e+01
5.696966329592176947e+01
5.680631181242360839e+01
5.638626514057116879e+01
5.576952994777197148e+01
5.539948883209245878e+01
5.530614512723636267e+01
5.539282142460273661e+01
5.553617068563173831e+01
5.567951994666074711e+01
5.586954106011779686e+01
5.639959995555062022e+01
5.735637293032559825e+01
5.801977997555284361e+01
5.831314590510056917e+01
5.847316368485387983e+01
5.847316368485387983e+01
5.847316368485387983e+01
5.847316368485387983e+01
5.840982331370152991e+01
5.820646738526502872e+01
5.803978219802200300e+01
5.796310701189021586e+01
5.785309478830981078e+01
5.786642960328926222e+01
5.780975663962662736e+01
5.774308256472941991e+01
5.790976775197244564e+01
5.787309701077897728e+01
5.785309478830981078e+01
5.780642293588176983e+01
5.770307811979108692e+01
5.741971330147794816e+01
5.718635403933770078e+01
5.690298922102456203e+01
5.652628069785532006e+01
5.655961773530392378e+01
5.663962662518058266e+01
5.680631181242360839e+01
5.712634737193022261e+01
5.757306367374152956e+01
5.771641293477053125e+01
5.791976886320703244e+01
5.797310812312479555e+01
5.804978330925658270e+01
5.816979664407157458e+01
5.820646738526502872e+01
5.805645071674631197e+01
5.803978219802200300e+01
5.803978219802200300e+01
5.803978219802200300e+01
5.800644516057340638e+01
5.813979331036782128e+01
5.804311590176687474e+01
5.802978108678742331e+01
5.780642293588176983e+01
5.773974886098455528e+01
5.770641182353595156e+01
5.770641182353595156e+01
5.776308478719857931e+01
5.784642738082009572e+01
5.787309701077897728e+01
5.793977108567619183e+01
5.797310812312479555e+01
5.795977330814535833e+01
5.768307589732192753e+01
5.753972663629291873e+01
5.775641737970886425e+01
5.801311256806312144e+01
5.823647071896877492e+01
5.806645182798089166e+01
5.741971330147794816e+01
5.573285920657851733e+01
5.316590732303588851e+01
5.118902100233359675e+01
4.850205578397600448e+01
4.763529281031225082e+01
4.757195243915990090e+01
4.760528947660851884e+01
4.811534614957218281e+01
4.901877986442937640e+01
5.009889987776420384e+01
5.236915212801422825e+01
5.333259251027892134e+01
5.417935326147350139e+01
5.499277697521947772e+01
5.568618735415046217e+01
5.627625291699077792e+01
5.653961551283476439e+01
5.670630070007779011e+01
5.658295366151794781e+01
5.657961995777309028e+01
5.650627847538615356e+01
5.675630625625069570e+01
5.683964884987221211e+01
5.682631403489277488e+01
5.673963773752639383e+01
5.677630847871986219e+01
5.680631181242360839e+01
5.658295366151794781e+01
5.648627625291699417e+01
5.603289254361596505e+01
5.509945549505501106e+01
5.332592510278919917e+01
5.205245027225247156e+01
5.193910434492722317e+01
5.224580508945438595e+01
5.221246805200578223e+01
5.094566062895877678e+01
5.077230803422602889e+01
5.037893099233248506e+01
4.972552505833981940e+01
4.902211356817424814e+01
4.938548727636403868e+01
5.071230136681853651e+01
5.413934881653517550e+01
5.521946882986998872e+01
5.594288254250472647e+01
5.637626402933660330e+01
5.637293032559173867e+01
5.654628292032447945e+01
5.657295255028336101e+01
5.663962662518058266e+01
5.673963773752639383e+01
5.673963773752639383e+01
5.677297477497500466e+01
5.680631181242360839e+01
5.683964884987221211e+01
5.683964884987221211e+01
5.683964884987221211e+01
5.683964884987221211e+01
5.690632292476941956e+01
5.690632292476941956e+01
5.693965996221803039e+01
5.697299699966663411e+01
5.700633403711523783e+01
5.703967107456384156e+01
5.707300811201244528e+01
5.707300811201244528e+01
5.707300811201244528e+01
5.707300811201244528e+01
5.703967107456384156e+01
5.703967107456384156e+01
5.701633514834982464e+01
5.700633403711523783e+01
5.690965662851428419e+01
5.687298588732081583e+01
5.693965996221803039e+01
5.700966774086009536e+01
5.707300811201244528e+01
5.717301922435826356e+01
5.723969329925547100e+01
5.731636848538727236e+01
5.743971552394711466e+01
5.760973441493499791e+01
5.780308923213689809e+01
5.787643071452384191e+01
5.786642960328926222e+01
5.778308700966774580e+01
5.772974774974996848e+01
5.767307478608734783e+01
5.763973774863873700e+01
5.760640071119014038e+01
5.757306367374152956e+01
5.749305478386487778e+01
5.729969996666296339e+01
5.713301477941993767e+01
5.697299699966663411e+01
5.685965107234137150e+01
5.640293365929547775e+01
5.554950550061118264e+01
5.360262251361262287e+01
5.010890098899877643e+01
5.241582398044227631e+01
5.405933992665852372e+01
5.420935659517725469e+01
5.489276586287365944e+01
5.539282142460273661e+01
5.554283809312146758e+01
5.557284142682520667e+01
5.567285253917102494e+01
5.585287254139348789e+01
5.596955217246360093e+01
5.607289698855428384e+01
5.621957995332814306e+01
5.630625625069452411e+01
5.618624291587954644e+01
5.575952883653739889e+01
5.410601177908657178e+01
5.179575508389822147e+01
5.080231136792976798e+01
5.190576730747860523e+01
5.338259806645183403e+01
5.356595177241916161e+01
5.392932548060895925e+01
5.263251472385820762e+01
5.489276586287365944e+01
5.260584509389932606e+01
5.168574286031781639e+01
5.505278364262695590e+01
5.423602622513612914e+01
5.195910656739638966e+01
5.101900211134570640e+01
5.036559617735304784e+01
4.995221691299033751e+01
5.018224247138571315e+01
5.025891765751750029e+01
5.072896988554283126e+01
5.152239137681965531e+01
5.137237470830092434e+01
5.191243471496833450e+01
5.379264362706968683e+01
5.535281697966440362e+01
5.578619846649628045e+01
5.580620068896544694e+01
5.587287476386265439e+01
5.587287476386265439e+01
5.587287476386265439e+01
5.587287476386265439e+01
5.587287476386265439e+01
5.590621180131125101e+01
5.589621069007667131e+01
5.564284920546727164e+01
5.516946327369708314e+01
5.491276808534281884e+01
5.471274586065118939e+01
5.467274141571285639e+01
5.460606734081564895e+01
5.453939326591844150e+01
5.460606734081564895e+01
5.460606734081564895e+01
5.463607067451938804e+01
5.468940993443716536e+01
5.470607845316146722e+01
5.470607845316146722e+01
5.470607845316146722e+01
5.457273030336703812e+01
5.451605733970441747e+01
5.447938659851094911e+01
5.446271807978664725e+01
5.439937770863429733e+01
5.426602955883987534e+01
5.418935437270808819e+01
5.446938548727636231e+01
5.453939326591844150e+01
5.467940882320258567e+01
5.461273474830536401e+01
5.475941771307923034e+01
5.467607511945771392e+01
5.468940993443716536e+01
5.477941993554839684e+01
5.477275252805867467e+01
5.477275252805867467e+01
5.467274141571285639e+01
5.487276364040448584e+01
5.476275141682410208e+01
5.471607956439604692e+01
5.480608956550728550e+01
5.491276808534281884e+01
5.479608845427269870e+01
5.470941215690632475e+01
5.460606734081564895e+01
5.442271363484831426e+01
5.430603400377820122e+01
5.420268918768752542e+01
5.414601622402489056e+01
5.430603400377820122e+01
5.434937215246139175e+01
5.426602955883987534e+01
5.413934881653517550e+01
5.391265696188465739e+01
5.399266585176130917e+01
5.399933325925103134e+01
5.420602289143238295e+01
5.440604511612401240e+01
5.457273030336703812e+01
5.454939437715301409e+01
5.419935548394266789e+01
5.416268474274919953e+01
5.400600066674074640e+01
5.399599955550617381e+01
5.424269363262585131e+01
5.423935992888098667e+01
5.414268252028003303e+01
5.404267140793422186e+01
5.413268140904544623e+01
5.441271252361374167e+01
5.443938215357262322e+01
5.457273030336703812e+01
5.471607956439604692e+01
5.481942438048672273e+01
5.480942326925214303e+01
5.479275475052784117e+01
5.480275586176241376e+01
5.477608623180353931e+01
5.477275252805867467e+01
5.487276364040448584e+01
5.506278475386153559e+01
5.513945993999334405e+01
5.517279697744194067e+01
5.519279919991110717e+01
5.528947660851205370e+01
5.526614068229803678e+01
5.522613623735970378e+01
5.531614623847094947e+01
5.535281697966440362e+01
5.573952661406822529e+01
5.564618290921213628e+01
5.578619846649628045e+01
5.580286698522057520e+01
5.574286031781309703e+01
5.571619068785420836e+01
5.566618513168129567e+01
5.566951883542616741e+01
5.562284698299811225e+01
5.562284698299811225e+01
5.559284364929436606e+01
5.557617513057006420e+01
5.558284253805978636e+01
5.554950550061118264e+01
5.554950550061118264e+01
5.559284364929436606e+01
5.562618068674297689e+01
5.555283920435604017e+01
5.551616846316257181e+01
5.549949994443826995e+01
5.544949438826536436e+01
5.541949105456162528e+01
5.539948883209245878e+01
5.536615179464385506e+01
5.548283142571397519e+01
5.531281253472607773e+01
5.529281031225692544e+01
5.529281031225692544e+01
5.524947216357372781e+01
5.518946549616624964e+01
5.520280031114568686e+01
5.517279697744194067e+01
5.519946660740082933e+01
5.517279697744194067e+01
5.522613623735970378e+01
5.525947327480831461e+01
5.530614512723636267e+01
5.524947216357372781e+01
5.544616068452050683e+01
5.539615512834759414e+01
5.532614734970552206e+01
5.521280142238026656e+01
5.530947883098122020e+01
5.498610956772974845e+01
5.487609734414935758e+01
5.475275030558951528e+01
5.453939326591844150e+01
5.442604733859317889e+01
5.433603733748194742e+01
5.421269029892210511e+01
5.419935548394266789e+01
5.415935103900434200e+01
5.407934214912768311e+01
5.403267029669964217e+01
5.413934881653517550e+01
5.397266362929214978e+01
5.400266696299589597e+01
5.409267696410712034e+01
5.411934659406600900e+01
5.412601400155573828e+01
5.395599511056784081e+01
5.367929769974441712e+01
5.346594066007334334e+01
5.337593065896211186e+01
5.326925213912657142e+01
5.308256472941437920e+01
5.271585731747972403e+01
5.226914101566840998e+01
5.112568063118124684e+01
5.041226802978108879e+01
5.050561173463718490e+01
5.068896544060451959e+01
5.070563395932881434e+01
5.079897766418491045e+01
5.091232359151016595e+01
5.108567618624292095e+01
5.120568952105789151e+01
5.130903433714857442e+01
5.138570952328036867e+01
5.149238804311590201e+01
5.155572841426825192e+01
5.171574619402156259e+01
5.222580286698522656e+01
5.211912434714968612e+01
5.222913657073008409e+01
5.287920880097789222e+01
5.311923547060784756e+01
5.348927658628736737e+01
5.390598955439492812e+01
5.419602178019779615e+01
5.440937881986888414e+01
5.459273252583620462e+01
5.466607400822313423e+01
5.475941771307923034e+01
5.478275363929326147e+01
5.489276586287365944e+01
5.484942771419046892e+01
5.481942438048672273e+01
5.471941326814090445e+01
5.482275808423158026e+01
5.477275252805867467e+01
5.471607956439604692e+01
5.465607289698855453e+01
5.469274363818202289e+01
5.462606956328481544e+01
5.453939326591844150e+01
5.446938548727636231e+01
5.440604511612401240e+01
5.437604178242027331e+01
5.423269252139127161e+01
5.440604511612401240e+01
5.413268140904544623e+01
5.393932659184354605e+01
5.387265251694633150e+01
5.387265251694633150e+01
5.387265251694633150e+01
5.383598177575287025e+01
5.379597733081454436e+01
5.370930103344817041e+01
5.367263029225470206e+01
5.367596399599955248e+01
5.360595621735749461e+01
5.353928214246027295e+01
5.357261917990888378e+01
5.360928992110235214e+01
5.360595621735749461e+01
5.357261917990888378e+01
5.353261473497055789e+01
5.337259695521724723e+01
5.324258250916768986e+01
5.329592176908546008e+01
5.330592288032003978e+01
5.330592288032003978e+01
5.330592288032003978e+01
5.330258917657517514e+01
5.297255250583398833e+01
5.303922658073118868e+01
5.309923324813868106e+01
5.303922658073118868e+01
5.276252916990777919e+01
5.226914101566840998e+01
5.241249027669741878e+01
5.234248249805533959e+01
5.219246582953661573e+01
5.217246360706744923e+01
5.209912212468052672e+01
5.199244360484498628e+01
5.190243360373374770e+01
5.181242360262251623e+01
5.166240693410379237e+01
5.147238582064674262e+01
5.132236915212801875e+01
5.120235581731303398e+01
5.095232803644849184e+01
5.024224913879320553e+01
4.889209912212467657e+01
4.793199244360484812e+01
4.834870541171241598e+01
4.872541393488165085e+01
4.950550061117902345e+01
5.000222246916324309e+01
5.055228358706522584e+01
5.091565729525502348e+01
5.127236359595511317e+01
5.144904989443271859e+01
5.176908545393932570e+01
5.196910767863095515e+01
5.219579953328147326e+01
5.223913768196466378e+01
5.226247360817869492e+01
5.217913101455717850e+01
5.203911545727303434e+01
5.180575619513279406e+01
5.170574508278697579e+01
5.163573730414490370e+01
5.162240248916546648e+01
5.159906656295144245e+01
5.160240026669629998e+01
5.164573841537948340e+01
5.159906656295144245e+01
5.172241360151128475e+01
5.177575286142905497e+01
5.179908878764307190e+01
5.176908545393932570e+01
5.164907211912435514e+01
5.157573063673741842e+01
5.130903433714857442e+01
5.106234026002888982e+01
5.087898655406156934e+01
5.080564507167463972e+01
5.078897655295032365e+01
5.079897766418491045e+01
5.079564396044005292e+01
5.078230914546061570e+01
5.070896766307367898e+01
5.055228358706522584e+01
5.050561173463718490e+01
5.041893543727081095e+01
5.048560951216801840e+01
5.063895988443161400e+01
5.063895988443161400e+01
5.046227358595399437e+01
5.031892432492499267e+01
5.032559173241472195e+01
5.030892321369041298e+01
5.040560062229136662e+01
5.037226358484276290e+01
5.035226136237360350e+01
4.998222024669408370e+01
4.971552394710523259e+01
4.956217357484165120e+01
4.956217357484165120e+01
4.959217690854539029e+01
4.960551172352484173e+01
4.963884876097344545e+01
4.970552283587065290e+01
4.975886209578841601e+01
4.983887098566507490e+01
4.987220802311367862e+01
4.979219913323703395e+01
4.959551061229026203e+01
4.914879431047894798e+01
4.754861651294588398e+01
4.415157239693299118e+01
4.384153794866096376e+01
4.584509389932215129e+01
4.680186687409712221e+01
4.721524613845983254e+01
4.811534614957218281e+01
4.812868096455162004e+01
4.803533725969552393e+01
4.781197910878986335e+01
4.773530392265806910e+01
4.791865762862541089e+01
4.864540504500499907e+01
4.934548283142571989e+01
4.940882320257806981e+01
4.949216579619957912e+01
4.953550394488276964e+01
4.957217468607622379e+01
4.957884209356595306e+01
4.946882986998554799e+01
4.799199911101234051e+01
4.610512279142127312e+01
4.390154461606844905e+01
3.981109012112457179e+01
3.856428492054673285e+01
3.790087787531948038e+01
3.775086120680075652e+01
3.780420046671853385e+01
3.756084009334371387e+01
3.740748972108011827e+01
3.717413045893988510e+01
3.732748083120346649e+01
3.770752305811756599e+01
3.866429603289254402e+01
3.934770530058895588e+01
3.950438937659740191e+01
3.952439159906656130e+01
3.976108456495166621e+01
4.014112679186575861e+01
4.050783420380042799e+01
4.105456161795755321e+01
4.185131681297922768e+01
4.228136459606623276e+01
4.313479275475052077e+01
4.383153683742638407e+01
4.447827536392932046e+01
4.503500388932103959e+01
4.555839537726414079e+01
4.646516279586620612e+01
4.701855761751305351e+01
4.737193021446827146e+01
4.773530392265806910e+01
4.801866874097122206e+01
4.841204578286476590e+01
4.875875097233026167e+01
4.883875986220691345e+01
4.864207134126014154e+01
4.849872208023113274e+01
4.841871319035448806e+01
4.889209912212467657e+01
4.944882764751639570e+01
4.977886431825758251e+01
5.014223802644738726e+01
5.056561840204467728e+01
5.072563618179798084e+01
5.075230581175686950e+01
5.085898433159240284e+01
5.132570285587287628e+01
5.152905878430937037e+01
5.166240693410379237e+01
5.164573841537948340e+01
5.163907100788976834e+01
5.157239693299255379e+01
5.133237026336259134e+01
5.113568174241582653e+01
5.100566729636626917e+01
5.068229803311479742e+01
5.050561173463718490e+01
5.050561173463718490e+01
5.043893765973997745e+01
5.019557728636515037e+01
4.987220802311367862e+01
4.964884987220803225e+01
4.933548172019114020e+01
4.921880208912101295e+01
4.967218579842204917e+01
4.967218579842204917e+01
4.923547060784532192e+01
4.936881875763973682e+01
4.948883209245471448e+01
4.980553394821647117e+01
4.993554839426602854e+01
5.001222358039782989e+01
5.013890432270252973e+01
5.029892210245582618e+01
5.042560284476052601e+01
5.046227358595399437e+01
5.082231359039893448e+01
5.097233025891766545e+01
5.102566951883542856e+01
5.096232914768307865e+01
5.080897877541949015e+01
5.053894877208578862e+01
5.017557506389598387e+01
5.014223802644738726e+01
5.013890432270252973e+01
4.982886987443049520e+01
4.895877319702189823e+01
4.751861317924213779e+01
4.730525613957106401e+01
4.748860984553839160e+01
4.786198466496276893e+01
4.807867540837871445e+01
4.825202800311146234e+01
4.827536392932547926e+01
4.822202466940771615e+01
4.820202244693855675e+01
4.817868652072453273e+01
4.808534281586842951e+01
4.804533837093010362e+01
4.799533281475719804e+01
4.795532836981887215e+01
4.819202133570396995e+01
4.832203578175352732e+01
4.838537615290587723e+01
4.839204356039560651e+01
4.843871541282365456e+01
4.869874430492277639e+01
4.894210467829759637e+01
4.900211134570508165e+01
4.894877208578731853e+01
4.866207356372930803e+01
4.832870318924325659e+01
4.820535615068341428e+01
4.825869541060117740e+01
4.840871207911990837e+01
4.869541060117791176e+01
4.872541393488165085e+01
4.889543282586954120e+01
4.893210356706300956e+01
4.894210467829759637e+01
4.890876764084899264e+01
4.890543393710412090e+01
4.884209356595177098e+01
4.863873763751528401e+01
4.863873763751528401e+01
4.864540504500499907e+01
4.870541171241249145e+01
4.873874874986109518e+01
5.000555617290810062e+01
5.000555617290810062e+01
5.000555617290810062e+01
5.000555617290810062e+01
5.000555617290810062e+01
5.000555617290810062e+01
5.000555617290810062e+01
5.000555617290810062e+01
5.012890321146794292e+01
5.034559395488388134e+01
5.067229692188021062e+01
5.067229692188021062e+01
5.067229692188021062e+01
5.067229692188021062e+01
5.067229692188021062e+01
5.067229692188021062e+01
5.067229692188021062e+01
5.133903767085232062e+01
5.159906656295144245e+01
5.177908656517390540e+01
5.194243804867207359e+01
5.197244138237582689e+01
5.177241915768419744e+01
5.159906656295144245e+01
5.144238248694299642e+01
5.103900433381486579e+01
5.069563284809423465e+01
5.024224913879320553e+01
4.994888320924547997e+01
4.960884542726970636e+01
4.936215135015002176e+01
4.891543504833870060e+01
4.877875319479942107e+01
4.866874097121903020e+01
4.853872652516946573e+01
4.845871763529281395e+01
4.847205245027225828e+01
4.853539282142460820e+01
4.857539726636293409e+01
4.859539948883210059e+01
4.866874097121903020e+01
4.853872652516946573e+01
4.857873097010779873e+01
4.863873763751528401e+01
4.859206578508722885e+01
4.854206022891433037e+01
4.851539059895544881e+01
4.839204356039560651e+01
4.827869763307034390e+01
4.810201133459273848e+01
4.759862206911879667e+01
4.759195466162906740e+01
4.768196466274030598e+01
4.762862540282254287e+01
4.723191465718414150e+01
4.715190576730748262e+01
4.713857095232803829e+01
4.710523391487944167e+01
4.707189687743083084e+01
4.712190243360373643e+01
4.713857095232803829e+01
4.724191576841871409e+01
4.737193021446827146e+01
4.746860762306922510e+01
4.751194577175242273e+01
4.753194799422158212e+01
4.747194132681409684e+01
4.723524836092899903e+01
4.691854650516724945e+01
4.680520057784198684e+01
4.696521835759529040e+01
4.745527280808978787e+01
4.767529725525058382e+01
4.779531059006556859e+01
4.785865096121791140e+01
4.749527725302811376e+01
4.694854983887098854e+01
4.720524502722524574e+01
4.740526725191687518e+01
4.763862651405712256e+01
4.777864207134125962e+01
4.791865762862541089e+01
4.800533392599177773e+01
4.810534503833759601e+01
4.825869541060117740e+01
4.836204022669185321e+01
4.853872652516946573e+01
4.878208689854429281e+01
4.893877097455273173e+01
4.906211801311256693e+01
4.923547060784532192e+01
4.957884209356595306e+01
4.963884876097344545e+01
4.959551061229026203e+01
4.950550061117902345e+01
4.961217913101455679e+01
4.943882653628181600e+01
4.947883098122013479e+01
4.939882209134349011e+01
4.931547949772197370e+01
4.931214579397710907e+01
4.916546282920324273e+01
4.895877319702189823e+01
4.854206022891433037e+01
4.812201355706189787e+01
4.786865207245249820e+01
4.776530725636182240e+01
4.760195577286365420e+01
4.727858650961218245e+01
4.691187909767752018e+01
4.567507500833425382e+01
4.476830758973218849e+01
4.299144349372152618e+01
4.246471830203356035e+01
4.387154128236470996e+01
4.589176575175019934e+01
4.639848872096899868e+01
4.662518057561951679e+01
4.689521057895321121e+01
4.700522280253361629e+01
4.668518724302700207e+01
4.486165129458829171e+01
4.481497944216024365e+01
4.533503722635849442e+01
4.540837870874541693e+01
4.530836759639959865e+01
4.524836092899210627e+01
4.523835981775752657e+01
4.534170463384820238e+01
4.544504944993887818e+01
4.559173241471274451e+01
4.585176130681187345e+01
4.598844316035114588e+01
4.611512390265585992e+01
4.643182575841760951e+01
4.653517057450828531e+01
4.676519613290365385e+01
4.733192576952994557e+01
4.747194132681409684e+01
4.754194910545616892e+01
4.785531725747306098e+01
4.784864984998333171e+01
4.787198577619735573e+01
4.799533281475719804e+01
4.775863984887209313e+01
4.728858762084676215e+01
4.731525725080565081e+01
4.666851872430270731e+01
4.670518946549616146e+01
4.703855983998222001e+01
4.750527836426270056e+01
4.747194132681409684e+01
4.753861540171130429e+01
4.758862095788421698e+01
4.802866985220580176e+01
4.813868207578620684e+01
4.796866318479830937e+01
4.827203022558062173e+01
4.938548727636403868e+01
4.998888765418379876e+01
5.003889321035671145e+01
4.996555172796977473e+01
5.053228136459607356e+01
5.113568174241582653e+01
5.118235359484387459e+01
5.113901544616068406e+01
5.106234026002888982e+01
5.142238026447383703e+01
5.094566062895877678e+01
5.070563395932881434e+01
5.071563507056339404e+01
5.079897766418491045e+01
5.066562951439048135e+01
5.036892988109790537e+01
5.007223024780530807e+01
4.981886876319590840e+01
4.962551394599400822e+01
4.957217468607622379e+01
4.950550061117902345e+01
4.943882653628181600e+01
4.924213801533503698e+01
4.936215135015002176e+01
4.949216579619957912e+01
4.965218357595288978e+01
4.973885987331925662e+01
4.864540504500499907e+01
4.866540726747415846e+01
4.950550061117902345e+01
4.964218246471830298e+01
4.946549616624069756e+01
4.927214134903879028e+01
4.910878986554062209e+01
4.872874763862650838e+01
4.877875319479942107e+01
4.829203244804978823e+01
4.838537615290587723e+01
4.837537504167130464e+01
4.827203022558062173e+01
4.837204133792644001e+01
4.837870874541616217e+01
4.834537170796755845e+01
4.860873430381153781e+01
4.876541837981997674e+01
4.893210356706300956e+01
4.947216357373041973e+01
4.966218468718746948e+01
4.985220580064451923e+01
4.985553950438938386e+01
4.964218246471830298e+01
4.938215357261918115e+01
4.868874319368818959e+01
4.889209912212467657e+01
4.900544504944994628e+01
4.893877097455273173e+01
4.901211245693966134e+01
4.874541615735081734e+01
4.831203467051894052e+01
4.829869985553950329e+01
4.819535503944882748e+01
4.782198022002444304e+01
4.703189243249250495e+01
4.591510167796422337e+01
4.547838648738748901e+01
4.528169796644071710e+01
4.557839759973330729e+01
4.608178686520724909e+01
4.662184687187465215e+01
4.736859651072341393e+01
4.823535948438715337e+01
4.836537393043672495e+01
4.860873430381153781e+01
4.881209023224802479e+01
4.930881209023225153e+01
4.964551616846316051e+01
4.982553617068563767e+01
4.978886542949216931e+01
4.998222024669408370e+01
4.972219135459496187e+01
4.968885431714635814e+01
4.949883320368930129e+01
4.911879097677520178e+01
4.858873208134237132e+01
4.711190132236915673e+01
4.592510278919879596e+01
4.537170796755194857e+01
4.340482275808422941e+01
4.275808423158128591e+01
4.253472608067563243e+01
4.238137570841204393e+01
4.241804644960551229e+01
4.283809312145794479e+01
4.244804978330925849e+01
4.232803644849427371e+01
4.232803644849427371e+01
4.277141904656073734e+01
4.276141793532615054e+01
4.300477830870097051e+01
4.351816868540949201e+01
4.494832759195466565e+01
4.800200022224692020e+01
4.859539948883210059e+01
4.930214468274252226e+01
4.969218802089121567e+01
4.997221913545950400e+01
5.031892432492499267e+01
5.046560728969885901e+01
5.077897544171574395e+01
5.075230581175686950e+01
5.087231914657184007e+01
5.093565951772418998e+01
5.077897544171574395e+01
5.062562506945216967e+01
5.045227247471942178e+01
5.022891432381376120e+01
4.975552839204355848e+01
4.920213357039671109e+01
4.878542060228915034e+01
4.876875208356484137e+01
4.827869763307034390e+01
4.860873430381153781e+01
4.925880653405934595e+01
4.993554839426602854e+01
5.030225580620068371e+01
5.020557839759973717e+01
5.056561840204467728e+01
5.085231692410267357e+01
5.100233359262141164e+01
5.114234914990554159e+01
5.128569841093455040e+01
5.158239804422713348e+01
5.132236915212801875e+01
5.121569063229247831e+01
5.107567507500833415e+01
5.090565618402045089e+01
5.062562506945216967e+01
5.059228803200355884e+01
5.058562062451383667e+01
5.056228469829980554e+01
5.071230136681853651e+01
5.096566285142793618e+01
5.103900433381486579e+01
5.098233137015224514e+01
5.071896877430825867e+01
5.023224802755861873e+01
5.050894543838204243e+01
5.065229469941104412e+01
5.058562062451383667e+01
5.035559506611846103e+01
5.029892210245582618e+01
5.022558062006890367e+01
4.969885542838093784e+01
4.951216801866874562e+01
4.948216468496500653e+01
4.964551616846316051e+01
4.988554283809311585e+01
5.013890432270252973e+01
5.030892321369041298e+01
5.035559506611846103e+01
5.032559173241472195e+01
5.006889654406045054e+01
4.992888098677631348e+01
5.018890987887543531e+01
5.071563507056339404e+01
5.108234248249805631e+01
5.120235581731303398e+01
5.130570063340371689e+01
5.134903878208690031e+01
5.148905433937103737e+01
5.138237581953551114e+01
5.128569841093455040e+01
5.109567729747750775e+01
5.086565173908213211e+01
5.047894210467829623e+01
5.030892321369041298e+01
5.006889654406045054e+01
5.020557839759973717e+01
5.023891543504833379e+01
5.017890876764085561e+01
4.912879208800978148e+01
4.646849649961106365e+01
4.550505611734637057e+01
4.555506167351928326e+01
4.537170796755194857e+01
4.566174019335481660e+01
4.567174130458939629e+01
4.582509167685299190e+01
4.605845093899322507e+01
4.851205689521058417e+01
4.959884431603511956e+01
4.977553061451273209e+01
5.003555950661185392e+01
5.015223913768196695e+01
5.012223580397822076e+01
5.011556839648850570e+01
5.008556506278475950e+01
4.996555172796977473e+01
4.978219802200244715e+01
4.949883320368930129e+01
4.925880653405934595e+01
4.907878653183686879e+01
4.889209912212467657e+01
4.891543504833870060e+01
4.911545727303034425e+01
4.918546505167240923e+01
4.931547949772197370e+01
4.954550505611735645e+01
4.976886320702300281e+01
5.011556839648850570e+01
5.040226691854650909e+01
5.090898988776531553e+01
5.099899988887653990e+01
5.110234470496721570e+01
5.091899099899989523e+01
5.046227358595399437e+01
5.048894321591287593e+01
